000000	000000
000001	000000
000002	000000
000003	000000
000004	000001
000005	000000
000006	000007
000007	000023
000008	000036
000009	000040
000010	000059
000011	000054
000012	000041
000013	000031
000014	000047
000015	000033
000016	000027
000017	000022
000018	000018
000019	000017
000020	000009
000021	000010
000022	000012
000023	000019
000024	000013
000025	000014
000026	000019
000027	000032
000028	000018
000029	000026
000030	000033
000031	000028
000032	000045
000033	000029
000034	000030
000035	000037
000036	000034
000037	000025
000038	000030
000039	000017
000040	000025
000041	000023
000042	000017
000043	000018
000044	000019
000045	000008
000046	000009
000047	000014
000048	000014
000049	000012
000050	000014
000051	000013
000052	000011
000053	000005
000054	000003
000055	000008
000056	000011
000057	000008
000058	000011
000059	000009
000060	000006
000061	000006
000062	000004
000063	000009
000064	000005
000065	000015
000066	000013
000067	000013
000068	000006
000069	000009
000070	000009
000071	000008
000072	000010
000073	000014
000074	000012
000075	000004
000076	000008
000077	000008
000078	000017
000079	000014
000080	000012
000081	000018
000082	000010
000083	000011
000084	000009
000085	000010
000086	000009
000087	000011
000088	000012
000089	000016
000090	000016
000091	000013
000092	000006
000093	000008
000094	000009
000095	000013
000096	000013
000097	000020
000098	000013
000099	000009
000100	000003
000101	000011
000102	000017
000103	000015
000104	000008
000105	000017
000106	000015
000107	000016
000108	000006
000109	000009
000110	000008
000111	000013
000112	000009
000113	000018
000114	000016
000115	000017
000116	000014
000117	000010
000118	000013
000119	000012
000120	000012
000121	000021
000122	000020
000123	000015
000124	000013
000125	000009
000126	000019
000127	000011
000128	000016
000129	000015
000130	000010
000131	000014
000132	000023
000133	000009
000134	000011
000135	000009
000136	000012
000137	000019
000138	000012
000139	000013
000140	000012
000141	000017
000142	000012
000143	000011
000144	000016
000145	000023
000146	000013
000147	000017
000148	000012
000149	000016
000150	000016
000151	000014
000152	000012
000153	000015
000154	000012
000155	000013
000156	000017
000157	000005
000158	000015
000159	000021
000160	000012
000161	000018
000162	000016
000163	000022
000164	000012
000165	000017
000166	000008
000167	000009
000168	000010
000169	000010
000170	000012
000171	000020
000172	000011
000173	000016
000174	000008
000175	000010
000176	000020
000177	000019
000178	000017
000179	000019
000180	000013
000181	000008
000182	000010
000183	000014
000184	000015
000185	000018
000186	000018
000187	000017
000188	000016
000189	000010
000190	000013
000191	000008
000192	000015
000193	000015
000194	000020
000195	000024
000196	000011
000197	000011
000198	000014
000199	000016
000200	000017
000201	000010
000202	000022
000203	000014
000204	000015
000205	000015
000206	000015
000207	000013
000208	000014
000209	000011
000210	000015
000211	000013
000212	000021
000213	000011
000214	000015
000215	000011
000216	000017
000217	000012
000218	000015
000219	000009
000220	000013
000221	000011
000222	000004
000223	000012
000224	000014
000225	000012
000226	000014
000227	000012
000228	000003
000229	000011
000230	000006
000231	000006
000232	000012
000233	000017
000234	000008
000235	000016
000236	000004
000237	000006
000238	000009
000239	000009
000240	000014
000241	000005
000242	000011
000243	000010
000244	000011
000245	000005
000246	000003
000247	000010
000248	000008
000249	000006
000250	000005
000251	000012
000252	000013
000253	000004
000254	000006
000255	000009
000256	000007
000257	000001
000258	000004
000259	000009
000260	000005
000261	000007
000262	000006
000263	000007
000264	000006
000265	000004
000266	000012
000267	000012
000268	000006
000269	000009
000270	000006
000271	000004
000272	000006
000273	000002
000274	000004
000275	000008
000276	000008
000277	000006
000278	000004
000279	000003
000280	000004
000281	000006
000282	000003
000283	000008
000284	000004
000285	000003
000286	000005
000287	000006
000288	000001
000289	000003
000290	000002
000291	000007
000292	000006
000293	000007
000294	000006
000295	000005
000296	000008
000297	000008
000298	000003
000299	000006
000300	000007
000301	000009
000302	000002
000303	000009
000304	000007
000305	000008
000306	000005
000307	000010
000308	000003
000309	000004
000310	000007
000311	000004
000312	000002
000313	000002
000314	000005
000315	000009
000316	000008
000317	000005
000318	000001
000319	000005
000320	000004
000321	000009
000322	000009
000323	000008
000324	000004
000325	000004
000326	000006
000327	000006
000328	000005
000329	000005
000330	000008
000331	000007
000332	000007
000333	000009
000334	000005
000335	000007
000336	000003
000337	000004
000338	000006
000339	000003
000340	000010
000341	000006
000342	000004
000343	000005
000344	000007
000345	000010
000346	000007
000347	000008
000348	000007
000349	000006
000350	000007
000351	000007
000352	000004
000353	000003
000354	000006
000355	000008
000356	000004
000357	000010
000358	000004
000359	000008
000360	000002
000361	000010
000362	000008
000363	000006
000364	000006
000365	000005
000366	000009
000367	000004
000368	000006
000369	000003
000370	000007
000371	000003
000372	000003
000373	000010
000374	000008
000375	000013
000376	000008
000377	000006
000378	000005
000379	000002
000380	000003
000381	000005
000382	000008
000383	000009
000384	000011
000385	000010
000386	000007
000387	000007
000388	000007
000389	000006
000390	000009
000391	000003
000392	000005
000393	000011
000394	000008
000395	000004
000396	000006
000397	000009
000398	000008
000399	000009
