000000	000000
000001	000000
000002	000000
000003	000000
000004	000000
000005	000001
000006	000009
000007	000017
000008	000039
000009	000052
000010	000054
000011	000043
000012	000050
000013	000038
000014	000031
000015	000029
000016	000028
000017	000030
000018	000030
000019	000023
000020	000016
000021	000008
000022	000019
000023	000015
000024	000029
000025	000017
000026	000027
000027	000026
000028	000039
000029	000043
000030	000028
000031	000036
000032	000022
000033	000035
000034	000020
000035	000031
000036	000022
000037	000019
000038	000016
000039	000014
000040	000018
000041	000012
000042	000010
000043	000011
000044	000011
000045	000010
000046	000006
000047	000006
000048	000004
000049	000008
000050	000003
000051	000004
000052	000006
000053	000008
000054	000003
000055	000005
000056	000007
000057	000005
000058	000009
000059	000006
000060	000006
000061	000012
000062	000006
000063	000012
000064	000011
000065	000009
000066	000006
000067	000011
000068	000008
000069	000005
000070	000008
000071	000007
000072	000013
000073	000016
000074	000017
000075	000009
000076	000010
000077	000017
000078	000012
000079	000014
000080	000014
000081	000012
000082	000017
000083	000014
000084	000009
000085	000010
000086	000014
000087	000008
000088	000010
000089	000015
000090	000015
000091	000008
000092	000012
000093	000014
000094	000009
000095	000020
000096	000010
000097	000014
000098	000011
000099	000007
000100	000019
000101	000013
000102	000009
000103	000019
000104	000017
000105	000011
000106	000015
000107	000009
000108	000004
000109	000009
000110	000011
000111	000018
000112	000014
000113	000010
000114	000011
000115	000009
000116	000007
000117	000015
000118	000016
000119	000008
000120	000021
000121	000016
000122	000013
000123	000009
000124	000005
000125	000006
000126	000017
000127	000013
000128	000019
000129	000007
000130	000012
000131	000009
000132	000013
000133	000012
000134	000018
000135	000011
000136	000012
000137	000017
000138	000022
000139	000011
000140	000013
000141	000012
000142	000011
000143	000018
000144	000014
000145	000013
000146	000012
000147	000010
000148	000024
000149	000015
000150	000015
000151	000014
000152	000014
000153	000012
000154	000017
000155	000013
000156	000010
000157	000015
000158	000010
000159	000010
000160	000014
000161	000018
000162	000012
000163	000013
000164	000011
000165	000014
000166	000018
000167	000017
000168	000024
000169	000017
000170	000011
000171	000019
000172	000011
000173	000014
000174	000015
000175	000015
000176	000015
000177	000020
000178	000012
000179	000012
000180	000020
000181	000024
000182	000011
000183	000018
000184	000015
000185	000014
000186	000013
000187	000012
000188	000016
000189	000012
000190	000012
000191	000015
000192	000016
000193	000020
000194	000013
000195	000017
000196	000018
000197	000012
000198	000012
000199	000013
000200	000014
000201	000015
000202	000021
000203	000013
000204	000009
000205	000019
000206	000011
000207	000004
000208	000013
000209	000019
000210	000015
000211	000017
000212	000012
000213	000013
000214	000010
000215	000013
000216	000012
000217	000012
000218	000012
000219	000015
000220	000007
000221	000012
000222	000009
000223	000013
000224	000009
000225	000016
000226	000012
000227	000008
000228	000015
000229	000008
000230	000014
000231	000008
000232	000011
000233	000008
000234	000009
000235	000006
000236	000006
000237	000007
000238	000014
000239	000010
000240	000010
000241	000009
000242	000013
000243	000011
000244	000007
000245	000012
000246	000010
000247	000012
000248	000007
000249	000009
000250	000010
000251	000008
000252	000013
000253	000006
000254	000010
000255	000006
000256	000008
000257	000008
000258	000014
000259	000009
000260	000007
000261	000011
000262	000008
000263	000010
000264	000008
000265	000008
000266	000007
000267	000009
000268	000006
000269	000008
000270	000004
000271	000006
000272	000005
000273	000009
000274	000002
000275	000005
000276	000008
000277	000004
000278	000007
000279	000006
000280	000005
000281	000003
000282	000005
000283	000007
000284	000009
000285	000010
000286	000009
000287	000003
000288	000005
000289	000005
000290	000003
000291	000009
000292	000013
000293	000007
000294	000002
000295	000006
000296	000007
000297	000006
000298	000005
000299	000006
000300	000005
000301	000004
000302	000006
000303	000003
000304	000004
000305	000003
000306	000003
000307	000010
000308	000005
000309	000003
000310	000007
000311	000006
000312	000004
000313	000006
000314	000006
000315	000008
000316	000007
000317	000008
000318	000004
000319	000005
000320	000006
000321	000009
000322	000004
000323	000007
000324	000002
000325	000006
000326	000004
000327	000004
000328	000009
000329	000004
000330	000009
000331	000009
000332	000004
000333	000007
000334	000008
000335	000006
000336	000009
000337	000009
000338	000003
000339	000008
000340	000003
000341	000009
000342	000006
000343	000005
000344	000002
000345	000008
000346	000006
000347	000005
000348	000002
000349	000015
000350	000011
000351	000008
000352	000006
000353	000005
000354	000010
000355	000005
000356	000008
000357	000007
000358	000004
000359	000011
000360	000008
000361	000005
000362	000008
000363	000010
000364	000007
000365	000002
000366	000004
000367	000015
000368	000005
000369	000004
000370	000008
000371	000001
000372	000005
000373	000003
000374	000010
000375	000006
000376	000002
000377	000006
000378	000004
000379	000009
000380	000007
000381	000006
000382	000003
000383	000007
000384	000010
000385	000003
000386	000004
000387	000010
000388	000007
000389	000010
000390	000006
000391	000011
000392	000009
000393	000008
000394	000004
000395	000003
000396	000005
000397	000005
000398	000007
000399	000011
