000000	000000
000001	000000
000002	000000
000003	000000
000004	000000
000005	000003
000006	000010
000007	000032
000008	000048
000009	000049
000010	000051
000011	000046
000012	000048
000013	000042
000014	000025
000015	000022
000016	000020
000017	000021
000018	000017
000019	000016
000020	000009
000021	000019
000022	000007
000023	000016
000024	000027
000025	000027
000026	000020
000027	000040
000028	000031
000029	000019
000030	000032
000031	000029
000032	000033
000033	000019
000034	000019
000035	000022
000036	000020
000037	000016
000038	000014
000039	000008
000040	000013
000041	000014
000042	000013
000043	000012
000044	000005
000045	000008
000046	000008
000047	000006
000048	000003
000049	000005
000050	000010
000051	000004
000052	000006
000053	000005
000054	000005
000055	000013
000056	000007
000057	000011
000058	000012
000059	000008
000060	000005
000061	000006
000062	000012
000063	000008
000064	000006
000065	000013
000066	000009
000067	000006
000068	000010
000069	000009
000070	000006
000071	000010
000072	000011
000073	000014
000074	000010
000075	000013
000076	000006
000077	000009
000078	000009
000079	000011
000080	000010
000081	000012
000082	000013
000083	000009
000084	000005
000085	000009
000086	000011
000087	000013
000088	000010
000089	000010
000090	000013
000091	000010
000092	000008
000093	000008
000094	000015
000095	000011
000096	000014
000097	000011
000098	000017
000099	000010
000100	000004
000101	000014
000102	000010
000103	000012
000104	000016
000105	000010
000106	000013
000107	000011
000108	000006
000109	000005
000110	000009
000111	000010
000112	000010
000113	000018
000114	000009
000115	000013
000116	000011
000117	000008
000118	000016
000119	000014
000120	000012
000121	000022
000122	000004
000123	000018
000124	000016
000125	000010
000126	000012
000127	000005
000128	000019
000129	000013
000130	000014
000131	000016
000132	000016
000133	000013
000134	000014
000135	000016
000136	000019
000137	000017
000138	000015
000139	000019
000140	000015
000141	000013
000142	000012
000143	000017
000144	000019
000145	000015
000146	000021
000147	000012
000148	000014
000149	000016
000150	000013
000151	000015
000152	000011
000153	000016
000154	000011
000155	000015
000156	000014
000157	000016
000158	000011
000159	000013
000160	000008
000161	000015
000162	000021
000163	000018
000164	000007
000165	000015
000166	000011
000167	000019
000168	000015
000169	000018
000170	000007
000171	000011
000172	000018
000173	000012
000174	000014
000175	000007
000176	000018
000177	000014
000178	000017
000179	000017
000180	000013
000181	000017
000182	000021
000183	000014
000184	000019
000185	000009
000186	000009
000187	000009
000188	000012
000189	000011
000190	000018
000191	000014
000192	000012
000193	000016
000194	000020
000195	000010
000196	000011
000197	000014
000198	000016
000199	000012
000200	000014
000201	000016
000202	000018
000203	000020
000204	000018
000205	000016
000206	000014
000207	000019
000208	000013
000209	000014
000210	000019
000211	000014
000212	000009
000213	000021
000214	000017
000215	000018
000216	000021
000217	000016
000218	000018
000219	000021
000220	000018
000221	000012
000222	000015
000223	000009
000224	000012
000225	000013
000226	000016
000227	000012
000228	000016
000229	000012
000230	000008
000231	000016
000232	000017
000233	000012
000234	000018
000235	000014
000236	000006
000237	000006
000238	000004
000239	000014
000240	000013
000241	000010
000242	000010
000243	000014
000244	000009
000245	000005
000246	000010
000247	000012
000248	000006
000249	000008
000250	000008
000251	000012
000252	000007
000253	000008
000254	000005
000255	000006
000256	000007
000257	000006
000258	000010
000259	000017
000260	000007
000261	000005
000262	000006
000263	000009
000264	000006
000265	000014
000266	000010
000267	000007
000268	000008
000269	000004
000270	000009
000271	000010
000272	000005
000273	000004
000274	000009
000275	000007
000276	000005
000277	000005
000278	000007
000279	000005
000280	000007
000281	000005
000282	000009
000283	000008
000284	000013
000285	000009
000286	000009
000287	000009
000288	000008
000289	000008
000290	000001
000291	000007
000292	000014
000293	000009
000294	000009
000295	000006
000296	000011
000297	000007
000298	000006
000299	000006
000300	000008
000301	000012
000302	000008
000303	000006
000304	000005
000305	000004
000306	000009
000307	000007
000308	000008
000309	000005
000310	000010
000311	000004
000312	000009
000313	000003
000314	000008
000315	000009
000316	000004
000317	000005
000318	000012
000319	000005
000320	000002
000321	000008
000322	000005
000323	000006
000324	000006
000325	000006
000326	000006
000327	000004
000328	000004
000329	000011
000330	000007
000331	000002
000332	000007
000333	000009
000334	000007
000335	000007
000336	000003
000337	000007
000338	000005
000339	000005
000340	000010
000341	000006
000342	000006
000343	000006
000344	000007
000345	000007
000346	000009
000347	000010
000348	000003
000349	000006
000350	000010
000351	000010
000352	000005
000353	000008
000354	000003
000355	000005
000356	000006
000357	000004
000358	000005
000359	000006
000360	000007
000361	000009
000362	000006
000363	000003
000364	000007
000365	000006
000366	000005
000367	000008
000368	000013
000369	000007
000370	000003
000371	000006
000372	000006
000373	000004
000374	000003
000375	000007
000376	000004
000377	000001
000378	000006
000379	000007
000380	000005
000381	000007
000382	000004
000383	000005
000384	000007
000385	000010
000386	000003
000387	000005
000388	000005
000389	000006
000390	000011
000391	000009
000392	000006
000393	000009
000394	000008
000395	000003
000396	000006
000397	000007
000398	000006
000399	000006
