000000	000000
000001	000000
000002	000000
000003	000000
000004	000000
000005	000000
000006	000009
000007	000013
000008	000029
000009	000034
000010	000040
000011	000036
000012	000034
000013	000034
000014	000039
000015	000055
000016	000029
000017	000029
000018	000025
000019	000008
000020	000012
000021	000012
000022	000009
000023	000009
000024	000020
000025	000017
000026	000016
000027	000025
000028	000022
000029	000023
000030	000036
000031	000025
000032	000027
000033	000032
000034	000029
000035	000031
000036	000022
000037	000020
000038	000024
000039	000015
000040	000013
000041	000020
000042	000018
000043	000012
000044	000010
000045	000008
000046	000006
000047	000007
000048	000009
000049	000004
000050	000005
000051	000015
000052	000003
000053	000008
000054	000006
000055	000006
000056	000004
000057	000010
000058	000009
000059	000009
000060	000013
000061	000008
000062	000012
000063	000009
000064	000004
000065	000006
000066	000015
000067	000013
000068	000011
000069	000020
000070	000017
000071	000015
000072	000009
000073	000017
000074	000009
000075	000016
000076	000012
000077	000014
000078	000014
000079	000018
000080	000015
000081	000011
000082	000021
000083	000012
000084	000021
000085	000016
000086	000016
000087	000010
000088	000012
000089	000023
000090	000007
000091	000014
000092	000025
000093	000019
000094	000014
000095	000020
000096	000018
000097	000003
000098	000018
000099	000014
000100	000025
000101	000018
000102	000018
000103	000010
000104	000009
000105	000010
000106	000016
000107	000015
000108	000020
000109	000016
000110	000017
000111	000026
000112	000016
000113	000013
000114	000007
000115	000016
000116	000012
000117	000013
000118	000019
000119	000012
000120	000015
000121	000015
000122	000015
000123	000017
000124	000015
000125	000015
000126	000018
000127	000016
000128	000020
000129	000009
000130	000015
000131	000012
000132	000013
000133	000016
000134	000015
000135	000017
000136	000011
000137	000010
000138	000014
000139	000017
000140	000020
000141	000023
000142	000011
000143	000014
000144	000017
000145	000015
000146	000011
000147	000013
000148	000019
000149	000015
000150	000015
000151	000017
000152	000010
000153	000010
000154	000014
000155	000012
000156	000019
000157	000014
000158	000020
000159	000022
000160	000017
000161	000015
000162	000012
000163	000009
000164	000016
000165	000017
000166	000020
000167	000019
000168	000015
000169	000019
000170	000010
000171	000010
000172	000012
000173	000019
000174	000013
000175	000004
000176	000026
000177	000012
000178	000013
000179	000009
000180	000013
000181	000012
000182	000017
000183	000015
000184	000012
000185	000016
000186	000009
000187	000013
000188	000012
000189	000016
000190	000018
000191	000016
000192	000014
000193	000007
000194	000015
000195	000014
000196	000016
000197	000017
000198	000011
000199	000015
000200	000013
000201	000013
000202	000009
000203	000016
000204	000017
000205	000015
000206	000014
000207	000009
000208	000016
000209	000016
000210	000011
000211	000013
000212	000011
000213	000012
000214	000012
000215	000011
000216	000008
000217	000012
000218	000011
000219	000008
000220	000021
000221	000013
000222	000016
000223	000009
000224	000005
000225	000007
000226	000008
000227	000008
000228	000007
000229	000015
000230	000011
000231	000007
000232	000013
000233	000010
000234	000003
000235	000008
000236	000007
000237	000008
000238	000007
000239	000006
000240	000004
000241	000005
000242	000007
000243	000011
000244	000005
000245	000007
000246	000006
000247	000008
000248	000008
000249	000005
000250	000004
000251	000003
000252	000005
000253	000006
000254	000003
000255	000012
000256	000007
000257	000010
000258	000008
000259	000009
000260	000010
000261	000007
000262	000001
000263	000007
000264	000005
000265	000003
000266	000005
000267	000009
000268	000004
000269	000011
000270	000005
000271	000008
000272	000003
000273	000006
000274	000008
000275	000003
000276	000006
000277	000010
000278	000006
000279	000010
000280	000007
000281	000004
000282	000002
000283	000009
000284	000008
000285	000007
000286	000004
000287	000003
000288	000007
000289	000002
000290	000003
000291	000007
000292	000008
000293	000009
000294	000004
000295	000003
000296	000008
000297	000004
000298	000007
000299	000005
000300	000005
000301	000006
000302	000007
000303	000005
000304	000002
000305	000006
000306	000003
000307	000009
000308	000008
000309	000008
000310	000006
000311	000012
000312	000004
000313	000004
000314	000008
000315	000003
000316	000007
000317	000007
000318	000004
000319	000009
000320	000006
000321	000008
000322	000008
000323	000015
000324	000008
000325	000004
000326	000006
000327	000009
000328	000005
000329	000009
000330	000008
000331	000006
000332	000004
000333	000008
000334	000007
000335	000009
000336	000010
000337	000005
000338	000004
000339	000006
000340	000009
000341	000005
000342	000003
000343	000005
000344	000007
000345	000005
000346	000005
000347	000006
000348	000007
000349	000005
000350	000008
000351	000010
000352	000005
000353	000005
000354	000003
000355	000002
000356	000008
000357	000003
000358	000006
000359	000008
000360	000005
000361	000005
000362	000007
000363	000002
000364	000006
000365	000004
000366	000004
000367	000010
000368	000007
000369	000005
000370	000007
000371	000004
000372	000003
000373	000003
000374	000007
000375	000007
000376	000006
000377	000006
000378	000009
000379	000008
000380	000006
000381	000009
000382	000010
000383	000005
000384	000007
000385	000005
000386	000010
000387	000003
000388	000007
000389	000004
000390	000005
000391	000009
000392	000007
000393	000006
000394	000004
000395	000006
000396	000005
000397	000006
000398	000008
000399	000007
