000000	000000
000001	000000
000002	000000
000003	000000
000004	000012
000005	000023
000006	000038
000007	000048
000008	000053
000009	000054
000010	000037
000011	000037
000012	000043
000013	000045
000014	000029
000015	000034
000016	000030
000017	000039
000018	000045
000019	000042
000020	000042
000021	000045
000022	000032
000023	000023
000024	000038
000025	000031
000026	000030
000027	000023
000028	000017
000029	000020
000030	000021
000031	000014
000032	000015
000033	000022
000034	000014
000035	000012
000036	000014
000037	000011
000038	000010
000039	000015
000040	000015
000041	000012
000042	000014
000043	000012
000044	000016
000045	000011
000046	000011
000047	000011
000048	000007
000049	000009
000050	000013
000051	000005
000052	000012
000053	000010
000054	000009
000055	000010
000056	000011
000057	000009
000058	000006
000059	000009
000060	000015
000061	000011
000062	000011
000063	000005
000064	000014
000065	000009
000066	000009
000067	000008
000068	000014
000069	000007
000070	000012
000071	000006
000072	000010
000073	000014
000074	000017
000075	000009
000076	000009
000077	000010
000078	000017
000079	000009
000080	000008
000081	000010
000082	000014
000083	000011
000084	000012
000085	000019
000086	000013
000087	000018
000088	000005
000089	000013
000090	000014
000091	000007
000092	000007
000093	000006
000094	000015
000095	000017
000096	000014
000097	000009
000098	000016
000099	000010
000100	000013
000101	000018
000102	000009
000103	000018
000104	000013
000105	000015
000106	000017
000107	000009
000108	000021
000109	000016
000110	000015
000111	000016
000112	000011
000113	000018
000114	000010
000115	000015
000116	000014
000117	000016
000118	000008
000119	000014
000120	000012
000121	000015
000122	000013
000123	000012
000124	000013
000125	000007
000126	000018
000127	000017
000128	000014
000129	000014
000130	000010
000131	000018
000132	000014
000133	000012
000134	000012
000135	000014
000136	000011
000137	000011
000138	000015
000139	000017
000140	000019
000141	000012
000142	000014
000143	000017
000144	000011
000145	000019
000146	000014
000147	000014
000148	000016
000149	000017
000150	000010
000151	000014
000152	000018
000153	000015
000154	000018
000155	000015
000156	000015
000157	000012
000158	000014
000159	000015
000160	000015
000161	000018
000162	000015
000163	000015
000164	000015
000165	000014
000166	000012
000167	000018
000168	000014
000169	000017
000170	000018
000171	000019
000172	000012
000173	000008
000174	000022
000175	000012
000176	000015
000177	000017
000178	000019
000179	000012
000180	000013
000181	000016
000182	000019
000183	000011
000184	000005
000185	000016
000186	000013
000187	000017
000188	000012
000189	000013
000190	000017
000191	000016
000192	000010
000193	000013
000194	000017
000195	000015
000196	000018
000197	000012
000198	000013
000199	000013
000200	000016
000201	000014
000202	000010
000203	000013
000204	000025
000205	000013
000206	000016
000207	000012
000208	000010
000209	000011
000210	000015
000211	000010
000212	000008
000213	000010
000214	000013
000215	000011
000216	000008
000217	000014
000218	000009
000219	000013
000220	000011
000221	000012
000222	000006
000223	000004
000224	000014
000225	000009
000226	000013
000227	000007
000228	000007
000229	000006
000230	000003
000231	000007
000232	000010
000233	000008
000234	000011
000235	000009
000236	000004
000237	000008
000238	000003
000239	000005
000240	000010
000241	000006
000242	000005
000243	000006
000244	000010
000245	000009
000246	000007
000247	000006
000248	000006
000249	000007
000250	000008
000251	000005
000252	000009
000253	000011
000254	000005
000255	000005
000256	000007
000257	000005
000258	000010
000259	000005
000260	000008
000261	000005
000262	000005
000263	000004
000264	000004
000265	000006
000266	000006
000267	000005
000268	000004
000269	000004
000270	000006
000271	000006
000272	000003
000273	000007
000274	000007
000275	000004
000276	000004
000277	000002
000278	000003
000279	000003
000280	000004
000281	000001
000282	000000
000283	000002
000284	000007
000285	000008
000286	000005
000287	000002
000288	000007
000289	000002
000290	000003
000291	000004
000292	000001
000293	000001
000294	000002
000295	000003
000296	000004
000297	000000
000298	000001
000299	000002
000300	000003
000301	000002
000302	000002
000303	000002
000304	000001
000305	000001
000306	000001
000307	000001
000308	000004
000309	000004
000310	000005
000311	000002
000312	000006
000313	000003
000314	000004
000315	000005
000316	000001
000317	000003
000318	000003
000319	000001
000320	000001
000321	000004
000322	000003
000323	000004
000324	000002
000325	000003
000326	000001
000327	000000
000328	000003
000329	000000
000330	000002
000331	000002
000332	000002
000333	000002
000334	000002
000335	000006
000336	000002
000337	000000
000338	000006
000339	000005
000340	000004
000341	000004
000342	000001
000343	000003
000344	000001
000345	000005
000346	000000
000347	000001
000348	000004
000349	000002
000350	000002
000351	000004
000352	000004
000353	000006
000354	000002
000355	000004
000356	000002
000357	000003
000358	000005
000359	000004
000360	000004
000361	000005
000362	000006
000363	000003
000364	000003
000365	000006
000366	000003
000367	000002
000368	000002
000369	000006
000370	000004
000371	000002
000372	000008
000373	000002
000374	000003
000375	000004
000376	000007
000377	000003
000378	000004
000379	000008
000380	000004
000381	000001
000382	000002
000383	000005
000384	000005
000385	000012
000386	000005
000387	000006
000388	000004
000389	000004
000390	000004
000391	000010
000392	000003
000393	000001
000394	000003
000395	000003
000396	000002
000397	000003
000398	000002
000399	000005
